20 20
-1 -1 -1 -1 6 -1 -1 5 5 -1 4 -1 4 -1 5 5 -1 -1 4 -1
-1 6 6 -1 7 -1 7 -1 5 -1 -1 5 -1 6 -1 -1 -1 -1 -1 -1
5 -1 7 -1 -1 -1 5 4 -1 -1 4 -1 -1 -1 4 -1 -1 6 -1 -1
5 -1 -1 -1 -1 -1 -1 -1 -1 0 -1 -1 2 -1 -1 -1 5 8 6 -1
-1 -1 -1 8 7 -1 -1 0 -1 -1 3 -1 -1 -1 0 -1 -1 5 -1 -1
4 -1 6 7 -1 -1 -1 -1 -1 -1 -1 -1 3 -1 -1 3 -1 -1 -1 4
4 -1 -1 -1 -1 3 4 -1 4 4 3 -1 -1 -1 5 -1 4 4 -1 4
-1 -1 8 5 3 -1 -1 7 -1 -1 -1 -1 -1 5 -1 7 -1 -1 5 -1
-1 7 7 5 2 -1 -1 -1 -1 4 3 0 3 4 6 -1 -1 3 -1 4
4 -1 7 -1 -1 0 -1 -1 -1 3 2 -1 2 3 -1 -1 1 2 -1 4
-1 5 4 -1 -1 -1 -1 0 -1 -1 -1 -1 -1 3 -1 0 -1 -1 -1 -1
2 -1 -1 -1 -1 -1 -1 -1 -1 -1 -1 -1 -1 3 -1 2 -1 -1 5 5
-1 4 5 7 5 -1 3 -1 -1 -1 6 -1 -1 -1 -1 -1 4 4 -1 5
3 -1 6 -1 -1 -1 -1 -1 6 -1 -1 7 -1 -1 -1 6 -1 -1 -1 4
4 -1 -1 -1 7 6 -1 6 -1 7 -1 -1 7 -1 7 -1 -1 6 -1 -1
-1 -1 4 5 6 -1 -1 -1 -1 -1 9 -1 -1 9 -1 6 -1 6 -1 4
-1 -1 4 -1 -1 -1 6 -1 5 8 8 -1 8 8 5 -1 -1 -1 -1 -1
5 6 -1 4 5 -1 -1 -1 5 -1 8 9 8 -1 5 -1 6 -1 5 -1
-1 -1 -1 5 -1 -1 -1 -1 -1 -1 -1 6 -1 -1 -1 -1 -1 8 -1 -1
3 -1 4 -1 -1 4 5 5 4 -1 -1 -1 -1 -1 4 5 5 -1 -1 3